35.23569913419913, -64.54681168831169, 26.766650855441583
35.75585334480491, -62.60177034879648, 25.447532635144015
36.19075177516483, -60.635963211411166, 24.275746070261587
36.52710048360096, -58.650968452391346, 23.257024550848783
36.75030746570737, -56.65016091063075, 22.396317683295525
36.84933133020375, -54.639438957419124, 21.54799874854915
36.81108014990984, -52.62668480066014, 20.954972724572713
36.6302731815273, -50.62175437892081, 20.614293384934903
36.306070141071196, -48.63496558115367, 20.516725543406608
35.84398112972228, -46.67560710862383, 20.603822424243823
35.255252035670495, -44.75043096155455, 20.90330166658122
34.555014728899415, -42.86285614395785, 21.394856007970674
33.75898092937605, -41.01356421494361, 22.05699804635024
32.88488970903398, -39.19980634750692, 22.69588023106719
31.947259706919976, -37.4180115867206, 23.61579789782634
30.959884179601772, -35.66325745591452, 24.439238243534646
29.933845191940847, -33.93079868785975, 25.333508247711528
28.87862244546563, -32.21594230118339, 26.293578129783967
27.80215942599547, -30.514328804523508, 27.315636743193195
26.710988839369296, -28.822102582992727, 28.121191823789292
25.61028486347637, -27.13605806581611, 29.24579087892492
24.50444128249571, -25.45337850979761, 30.126528479137598
23.397005556486207, -23.77174595693846, 31.03899084417422
22.290910187548626, -22.089231760197872, 32.30499409449813
21.188546203271038, -20.404271078842285, 32.96946954622271
20.104025526054333, -18.707811290710584, 32.03760338993138
19.056761803879496, -16.988115340513378, 31.10895464140457
18.053970153898337, -15.242132487092187, 30.186730823840836
17.10172080290647, -13.468108593474083, 28.973549774750136
16.208751416306825, -11.663550586523831, 28.081630449335826
15.3861043562162, -9.825902394538184, 26.9260388344566
14.646618184062197, -7.953310321580475, 25.821927549774088
14.005373467725503, -6.044932388934514, 24.785920943824404
13.481185051696832, -4.101245587361225, 23.837351033002232
13.095464984456989, -2.125525889247697, 22.998202255727513
12.874647617353823, -0.12482983924595056, 22.29269203106485
12.841312217757707, 1.8875612547136902, 21.63760951213688
13.021336019762666, 3.8919631183585537, 21.279929825171433
13.427442196625643, 5.862837927119224, 21.23632767125307
14.062962413945531, 7.772147431444219, 21.509912242138217
14.919469316806852, 9.59316316935896, 22.159870919756433
15.972372458863259, 11.308262565293084, 22.948016394213706
17.19466642137243, 12.907309504453421, 23.964204558179027
18.55589250054784, 14.390105089934295, 23.74281477223255
20.02976635633647, 15.761216020217526, 21.981821017394612
21.59331472957522, 17.02933523762836, 20.066740847219577
23.229250712124895, 18.20276256678465, 17.94836104790548
24.921987814519586, 19.292785039913735, 15.543820732783795
26.661676368351586, 20.306304841693468, 12.691523522496222
28.438808103004433, 21.25269613747937, 8.974298467758004
30.24657359307359, 22.13924458874459, 0
48.3390031330246, 30.663562352759968, 0
endData
200
400
200
35.23569913419913, -64.54681168831169, 40.224824675324676, -47.292752525252524, 33.15689682539683, -38.76966305916306, 21.099843434343434, -20.26832251082251
21.099843434343434, -20.26832251082251, 9.042790043290044, -1.7669819624819625, 8.627029581529582, 11.953113275613275, 30.24657359307359, 22.13924458874459
